#Position (1/cm)	Attenuation
1349	0.144018086849398
1350	0.106912648827066
1351	0.103334091256646
1352	0.0735953475791182
1353	0.103334091256646
1354	0.0982990714982477
1355	0.0914131165165972
1356	0.102816007255413
1357	0.0839655598074312
1358	0.0869299338637017
1359	0.0921499695183906
1360	0.0764232346497388
1361	0.0732624266250202
1362	0.0715628616517622
1363	0.0858221619405103
1364	0.0785909878682842
1365	0.0614610675642097
1366	0.0599709052436686
1367	0.0732210231706989
1368	0.0735595328214556
1369	0.064451498282601
1370	0.0626613850441031
1371	0.0533180482069371
1372	0.0647737174145935
1373	0.0793843729941063
1374	0.0733671295672104
1375	0.0594013623264344
1376	0.0652005751258088
1377	0.0506359220590698
1378	0.0668118055787788
1379	0.0449002425862667
1380	0.063616638219271
1381	0.0557567933112013
1382	0.0611722649399703
1383	0.0532293847207278
1384	0.0468880540428759
1385	0.0543381530595942
1386	0.0514216056849108
1387	0.0678982830904372
1388	0.0560947550717466
1389	0.0475775963068529
1390	0.0555337388251623
1391	0.0587713575980127
1392	0.0457934864933098
1393	0.0546448153280713
1394	0.058834901070386
1395	0.0658698494165497
1396	0.0490706440384512
1397	0.0521459646970888
1398	0.0554003094966607
1399	0.0506359220590698
1400	0.0472028590760049
1401	0.0449328687265701
1402	0.0537658334156704
1403	0.0478116927618746
1404	0.0706045093869594
1405	0.0530229566979772
1406	0.0465344028459525
1407	0.0514254933091404
1408	0.0517472755282527
1409	0.0478975442302614
1410	0.0632072666449844
1411	0.0603553682342502
1412	0.0581881562907676
1413	0.0472635364010631
1414	0.0502784810126582
1415	0.0589126104278538
1416	0.0801655863288156
1417	0.0798854928212807
1418	0.0804619251811327
1419	0.084259391161624
1420	0.0600927623296597
1421	0.0503808906582724
1422	0.065952877296747
1423	0.0687979164559522
1424	0.0837923069816144
1425	0.0604465475873101
1426	0.0619833242208857
1427	0.0641823929043216
1428	0.0514955712014536
1429	0.0753706094278919
1430	0.053444774008525
1431	0.0545352869254976
1432	0.0537011013302806
1433	0.0526596732987536
1434	0.0450191108096034
1435	0.0669671269842174
1436	0.0804191174297284
1437	0.0868577813248205
1438	0.0612176847789403
1439	0.0542125607714992
1440	0.0482021755305956
1441	0.0418118113503296
1442	0.044970744768768
1443	0.0395715345346656
1444	0.0480625331213567
1445	0.0485852038356458
1446	0.065951278632893
1447	0.0627495062546218
1448	0.0418028177669888
1449	0.0422586006057311
1450	0.0411814920764655
1451	0.0392637381667051
1452	0.0411043463810373
1453	0.0448573077240129
1454	0.0468953273927506
1455	0.0510587749587149
1456	0.0540939997614219
1457	0.0544588779247813
1458	0.0448181458786321
1459	0.0440418919356405
1460	0.0397646990047206
1461	0.0347242677557271
1462	0.0371529228626439
1463	0.0369320356721098
1464	0.0350910544779199
1465	0.034212961798657
1466	0.0337135705789056
1467	0.0316595299045846
1468	0.0357363139644846
1469	0.0297181990956157
1470	0.0281757554418739
1471	0.0444679029377213
1472	0.0386079775233068
1473	0.0296195255772434
1474	0.0305140973016621
1475	0.0450228355837967
1476	0.033633554193038
1477	0.0267412969551629
1478	0.0272761175326563
1479	0.0280821154322517
1480	0.0297464659385352
1481	0.0256809536843894
1482	0.0263155756731662
1483	0.0284022297381936
1484	0.0291102646951833
1485	0.027028997744951
1486	0.0321602326186142
1487	0.0326538890822462
1488	0.0383884530729725
1489	0.0422258089547606
1490	0.0312993362399199
1491	0.0297383377781664
1492	0.0297415885092149
1493	0.0263026014326731
1494	0.0271943308912455
1495	0.0312594209558823
1496	0.0354800093889367
1497	0.0302273030262632
1498	0.0342970591572021
1499	0.0287716515449527
1500	0.0322177357284105
1501	0.0317615334329473
1502	0.0282797185353026
1503	0.0310975735201673
1504	0.038411214953271
1505	0.0476450810772949
1506	0.0613529663787855
1507	0.0519145028580309
1508	0.0336589348673223
1509	0.0484304022783909
1510	0.0353229387098031
1511	0.0352291796146675
1512	0.0316540050026176
1513	0.0327561007909659
1514	0.0408684941794968
1515	0.0395473771421096
1516	0.0507549387206894
1517	0.0382347072132207
1518	0.0402458398047482
1519	0.0514060610640871
1520	0.0559966247504579
1521	0.0563223482652977
1522	0.0491841862651169
1523	0.0477537910699242
1524	0.0656711158311409
1525	0.05781597960051
1526	0.0459427239877073
1527	0.0544686899423446
1528	0.0511923084159626
1529	0.0370537526045568
1530	0.0382433059245203
1531	0.0369621388107755
1532	0.043787437436632
1533	0.0646260288439344
1534	0.0432308498975166
1535	0.0405366507747318
1536	0.042573346477022
1537	0.0405698948781033
1538	0.0611241433800662
1539	0.0584343456037112
1540	0.0433984113312278
1541	0.0565048180760924
1542	0.0382815094127248
1543	0.0385052574970634
1544	0.0473433095528102
1545	0.0344067882344015
1546	0.0270550683133465
1547	0.0281212985643856
1548	0.034203929752222
1549	0.0337876736995045
1550	0.0275484230243507
1551	0.0286197248285438
1552	0.0334285924906625
1553	0.0374866700651685
1554	0.0387796639158507
1555	0.0286991192447656
1556	0.0323099394371215
1557	0.0451798346119359
1558	0.0538669570382103
1559	0.0505043342676294
1560	0.0348314002611568
1561	0.0348434438510892
1562	0.0279396603068329
1563	0.0326456613553465
1564	0.0386189374476601
1565	0.0295183023412242
1566	0.0284111271223607
1567	0.0305075965689297
1568	0.0337616796336969
1569	0.0341108770874078
1570	0.0329050515800549
1571	0.0275055348315288
1572	0.0280603941709724
1573	0.0278649775201499
1574	0.0368924745762712
1575	0.0492135441160511
1576	0.0317444872243612
1577	0.0293125478070695
1578	0.0258470921285125
1579	0.0277629027979021
1580	0.0272758440933515
1581	0.0263699008519176
1582	0.0291739400827775
1583	0.0312235483130594
1584	0.0291786330927537
1585	0.0259459304820483
1586	0.0280337952707228
1587	0.0315365980875109
1588	0.0277958032813681
1589	0.0297156025425395
1590	0.028793574195187
1591	0.0270400111307666
1592	0.0294891887497968
1593	0.0319176491289812
1594	0.0274008278195716
1595	0.0299231251443465
1596	0.0306993275262896
1597	0.0319848117931958
1598	0.0293729893123178
1599	0.0276177715521179
1600	0.0310181606758097
1601	0.0297065181788405
1602	0.0287655678430212
1603	0.0291183647260274
1604	0.0315249052799889
1605	0.0331205492458825
1606	0.0323656694224707
1607	0.030731227975061
1608	0.0327092399798033
1609	0.03509693897295
1610	0.028149228715975
1611	0.0305346441317083
1612	0.029145813694404
1613	0.0330935584314488
1614	0.0310436419647441
1615	0.0377048544227491
1616	0.0433327493669273
1617	0.0312389634545392
1618	0.0327005913177251
1619	0.0352862904794636
1620	0.0334837185261759
1621	0.0317696924406249
1622	0.0394693551896714
1623	0.0320458400075379
1624	0.0378443563530148
1625	0.0309884853247685
1626	0.045814305920388
1627	0.0390025802752293
1628	0.0352959032768596
1629	0.0359506884067546
1630	0.0366899955499818
1631	0.0353123945489942
1632	0.0377933659295477
1633	0.0498309554770059
1634	0.0625691617799241
1635	0.0481203353259524
1636	0.0570534085428506
1637	0.0654357864357864
1638	0.0546239710901426
1639	0.0549749454457286
1640	0.0548718362407986
1641	0.0649934309533478
1642	0.0495631740017488
1643	0.0550962881963429
